-0.8437866666666667
-0.6906266666666666
0.13650000000000007
-0.02862666666666669
0.19886000000000004
0.04049999999999976
0.19069999999999987
0.21294666666666662
-0.07309333333333323
-0.19693999999999978
0.005573333333333208
0.17678666666666665
-0.024593333333333245
0.1345400000000001
-0.022619999999999862
0.40486
0.14651999999999998
0.1921533333333334
0.20823333333333283
0.38702666666666663
0.26760666666666655
0.5578333333333334
0.0991333333333333
0.1660400000000002
0.5099333333333338
0.09785333333333335
-0.1708333333333335
0.5263533333333335
0.09020000000000028
0.17863333333333342
0.12196000000000007
0.01956666666666651
0.22336000000000023
0.3044000000000002
0.30732000000000026
-0.5372066666666668
-0.4640066666666667
-0.5070866666666667
-0.5789533333333332
0.31532000000000027
0.07892666666666681
0.11884000000000006
0.10197333333333325
-0.54508
-0.4732200000000001
-0.8918133333333333
-0.9638533333333333
-0.9991066666666667
-0.9977066666666666
-0.9992933333333334
-0.9953
-0.9991533333333333
-0.9996066666666666
-0.9995533333333333
-0.99978
-0.99978
